res_192/grating_1.mat 0.000000 0.025000 1.000000 0.800000
res_192/grating_2.mat 0.000000 0.025000 2.000000 0.800000
res_192/grating_3.mat 0.000000 0.025000 4.000000 0.800000
res_192/grating_4.mat 0.000000 0.025000 8.000000 0.800000
res_192/grating_5.mat 0.000000 0.025000 15.000000 0.800000
res_192/grating_6.mat 0.000000 0.050000 1.000000 0.800000
res_192/grating_7.mat 0.000000 0.050000 2.000000 0.800000
res_192/grating_8.mat 0.000000 0.050000 4.000000 0.800000
res_192/grating_9.mat 0.000000 0.050000 8.000000 0.800000
res_192/grating_10.mat 0.000000 0.050000 15.000000 0.800000
res_192/grating_11.mat 0.000000 0.100000 1.000000 0.800000
res_192/grating_12.mat 0.000000 0.100000 2.000000 0.800000
res_192/grating_13.mat 0.000000 0.100000 4.000000 0.800000
res_192/grating_14.mat 0.000000 0.100000 8.000000 0.800000
res_192/grating_15.mat 0.000000 0.100000 15.000000 0.800000
res_192/grating_16.mat 0.000000 0.200000 1.000000 0.800000
res_192/grating_17.mat 0.000000 0.200000 2.000000 0.800000
res_192/grating_18.mat 0.000000 0.200000 4.000000 0.800000
res_192/grating_19.mat 0.000000 0.200000 8.000000 0.800000
res_192/grating_20.mat 0.000000 0.200000 15.000000 0.800000
res_192/grating_21.mat 0.000000 0.400000 1.000000 0.800000
res_192/grating_22.mat 0.000000 0.400000 2.000000 0.800000
res_192/grating_23.mat 0.000000 0.400000 4.000000 0.800000
res_192/grating_24.mat 0.000000 0.400000 8.000000 0.800000
res_192/grating_25.mat 0.000000 0.400000 15.000000 0.800000
res_192/grating_26.mat 0.000000 0.800000 1.000000 0.800000
res_192/grating_27.mat 0.000000 0.800000 2.000000 0.800000
res_192/grating_28.mat 0.000000 0.800000 4.000000 0.800000
res_192/grating_29.mat 0.000000 0.800000 8.000000 0.800000
res_192/grating_30.mat 0.000000 0.800000 15.000000 0.800000
res_192/grating_31.mat 45.000000 0.025000 1.000000 0.800000
res_192/grating_32.mat 45.000000 0.025000 2.000000 0.800000
res_192/grating_33.mat 45.000000 0.025000 4.000000 0.800000
res_192/grating_34.mat 45.000000 0.025000 8.000000 0.800000
res_192/grating_35.mat 45.000000 0.025000 15.000000 0.800000
res_192/grating_36.mat 45.000000 0.050000 1.000000 0.800000
res_192/grating_37.mat 45.000000 0.050000 2.000000 0.800000
res_192/grating_38.mat 45.000000 0.050000 4.000000 0.800000
res_192/grating_39.mat 45.000000 0.050000 8.000000 0.800000
res_192/grating_40.mat 45.000000 0.050000 15.000000 0.800000
res_192/grating_41.mat 45.000000 0.100000 1.000000 0.800000
res_192/grating_42.mat 45.000000 0.100000 2.000000 0.800000
res_192/grating_43.mat 45.000000 0.100000 4.000000 0.800000
res_192/grating_44.mat 45.000000 0.100000 8.000000 0.800000
res_192/grating_45.mat 45.000000 0.100000 15.000000 0.800000
res_192/grating_46.mat 45.000000 0.200000 1.000000 0.800000
res_192/grating_47.mat 45.000000 0.200000 2.000000 0.800000
res_192/grating_48.mat 45.000000 0.200000 4.000000 0.800000
res_192/grating_49.mat 45.000000 0.200000 8.000000 0.800000
res_192/grating_50.mat 45.000000 0.200000 15.000000 0.800000
res_192/grating_51.mat 45.000000 0.400000 1.000000 0.800000
res_192/grating_52.mat 45.000000 0.400000 2.000000 0.800000
res_192/grating_53.mat 45.000000 0.400000 4.000000 0.800000
res_192/grating_54.mat 45.000000 0.400000 8.000000 0.800000
res_192/grating_55.mat 45.000000 0.400000 15.000000 0.800000
res_192/grating_56.mat 45.000000 0.800000 1.000000 0.800000
res_192/grating_57.mat 45.000000 0.800000 2.000000 0.800000
res_192/grating_58.mat 45.000000 0.800000 4.000000 0.800000
res_192/grating_59.mat 45.000000 0.800000 8.000000 0.800000
res_192/grating_60.mat 45.000000 0.800000 15.000000 0.800000
res_192/grating_61.mat 90.000000 0.025000 1.000000 0.800000
res_192/grating_62.mat 90.000000 0.025000 2.000000 0.800000
res_192/grating_63.mat 90.000000 0.025000 4.000000 0.800000
res_192/grating_64.mat 90.000000 0.025000 8.000000 0.800000
res_192/grating_65.mat 90.000000 0.025000 15.000000 0.800000
res_192/grating_66.mat 90.000000 0.050000 1.000000 0.800000
res_192/grating_67.mat 90.000000 0.050000 2.000000 0.800000
res_192/grating_68.mat 90.000000 0.050000 4.000000 0.800000
res_192/grating_69.mat 90.000000 0.050000 8.000000 0.800000
res_192/grating_70.mat 90.000000 0.050000 15.000000 0.800000
res_192/grating_71.mat 90.000000 0.100000 1.000000 0.800000
res_192/grating_72.mat 90.000000 0.100000 2.000000 0.800000
res_192/grating_73.mat 90.000000 0.100000 4.000000 0.800000
res_192/grating_74.mat 90.000000 0.100000 8.000000 0.800000
res_192/grating_75.mat 90.000000 0.100000 15.000000 0.800000
res_192/grating_76.mat 90.000000 0.200000 1.000000 0.800000
res_192/grating_77.mat 90.000000 0.200000 2.000000 0.800000
res_192/grating_78.mat 90.000000 0.200000 4.000000 0.800000
res_192/grating_79.mat 90.000000 0.200000 8.000000 0.800000
res_192/grating_80.mat 90.000000 0.200000 15.000000 0.800000
res_192/grating_81.mat 90.000000 0.400000 1.000000 0.800000
res_192/grating_82.mat 90.000000 0.400000 2.000000 0.800000
res_192/grating_83.mat 90.000000 0.400000 4.000000 0.800000
res_192/grating_84.mat 90.000000 0.400000 8.000000 0.800000
res_192/grating_85.mat 90.000000 0.400000 15.000000 0.800000
res_192/grating_86.mat 90.000000 0.800000 1.000000 0.800000
res_192/grating_87.mat 90.000000 0.800000 2.000000 0.800000
res_192/grating_88.mat 90.000000 0.800000 4.000000 0.800000
res_192/grating_89.mat 90.000000 0.800000 8.000000 0.800000
res_192/grating_90.mat 90.000000 0.800000 15.000000 0.800000
res_192/grating_91.mat 135.000000 0.025000 1.000000 0.800000
res_192/grating_92.mat 135.000000 0.025000 2.000000 0.800000
res_192/grating_93.mat 135.000000 0.025000 4.000000 0.800000
res_192/grating_94.mat 135.000000 0.025000 8.000000 0.800000
res_192/grating_95.mat 135.000000 0.025000 15.000000 0.800000
res_192/grating_96.mat 135.000000 0.050000 1.000000 0.800000
res_192/grating_97.mat 135.000000 0.050000 2.000000 0.800000
res_192/grating_98.mat 135.000000 0.050000 4.000000 0.800000
res_192/grating_99.mat 135.000000 0.050000 8.000000 0.800000
res_192/grating_100.mat 135.000000 0.050000 15.000000 0.800000
res_192/grating_101.mat 135.000000 0.100000 1.000000 0.800000
res_192/grating_102.mat 135.000000 0.100000 2.000000 0.800000
res_192/grating_103.mat 135.000000 0.100000 4.000000 0.800000
res_192/grating_104.mat 135.000000 0.100000 8.000000 0.800000
res_192/grating_105.mat 135.000000 0.100000 15.000000 0.800000
res_192/grating_106.mat 135.000000 0.200000 1.000000 0.800000
res_192/grating_107.mat 135.000000 0.200000 2.000000 0.800000
res_192/grating_108.mat 135.000000 0.200000 4.000000 0.800000
res_192/grating_109.mat 135.000000 0.200000 8.000000 0.800000
res_192/grating_110.mat 135.000000 0.200000 15.000000 0.800000
res_192/grating_111.mat 135.000000 0.400000 1.000000 0.800000
res_192/grating_112.mat 135.000000 0.400000 2.000000 0.800000
res_192/grating_113.mat 135.000000 0.400000 4.000000 0.800000
res_192/grating_114.mat 135.000000 0.400000 8.000000 0.800000
res_192/grating_115.mat 135.000000 0.400000 15.000000 0.800000
res_192/grating_116.mat 135.000000 0.800000 1.000000 0.800000
res_192/grating_117.mat 135.000000 0.800000 2.000000 0.800000
res_192/grating_118.mat 135.000000 0.800000 4.000000 0.800000
res_192/grating_119.mat 135.000000 0.800000 8.000000 0.800000
res_192/grating_120.mat 135.000000 0.800000 15.000000 0.800000
res_192/grating_121.mat 180.000000 0.025000 1.000000 0.800000
res_192/grating_122.mat 180.000000 0.025000 2.000000 0.800000
res_192/grating_123.mat 180.000000 0.025000 4.000000 0.800000
res_192/grating_124.mat 180.000000 0.025000 8.000000 0.800000
res_192/grating_125.mat 180.000000 0.025000 15.000000 0.800000
res_192/grating_126.mat 180.000000 0.050000 1.000000 0.800000
res_192/grating_127.mat 180.000000 0.050000 2.000000 0.800000
res_192/grating_128.mat 180.000000 0.050000 4.000000 0.800000
res_192/grating_129.mat 180.000000 0.050000 8.000000 0.800000
res_192/grating_130.mat 180.000000 0.050000 15.000000 0.800000
res_192/grating_131.mat 180.000000 0.100000 1.000000 0.800000
res_192/grating_132.mat 180.000000 0.100000 2.000000 0.800000
res_192/grating_133.mat 180.000000 0.100000 4.000000 0.800000
res_192/grating_134.mat 180.000000 0.100000 8.000000 0.800000
res_192/grating_135.mat 180.000000 0.100000 15.000000 0.800000
res_192/grating_136.mat 180.000000 0.200000 1.000000 0.800000
res_192/grating_137.mat 180.000000 0.200000 2.000000 0.800000
res_192/grating_138.mat 180.000000 0.200000 4.000000 0.800000
res_192/grating_139.mat 180.000000 0.200000 8.000000 0.800000
res_192/grating_140.mat 180.000000 0.200000 15.000000 0.800000
res_192/grating_141.mat 180.000000 0.400000 1.000000 0.800000
res_192/grating_142.mat 180.000000 0.400000 2.000000 0.800000
res_192/grating_143.mat 180.000000 0.400000 4.000000 0.800000
res_192/grating_144.mat 180.000000 0.400000 8.000000 0.800000
res_192/grating_145.mat 180.000000 0.400000 15.000000 0.800000
res_192/grating_146.mat 180.000000 0.800000 1.000000 0.800000
res_192/grating_147.mat 180.000000 0.800000 2.000000 0.800000
res_192/grating_148.mat 180.000000 0.800000 4.000000 0.800000
res_192/grating_149.mat 180.000000 0.800000 8.000000 0.800000
res_192/grating_150.mat 180.000000 0.800000 15.000000 0.800000
res_192/grating_151.mat 225.000000 0.025000 1.000000 0.800000
res_192/grating_152.mat 225.000000 0.025000 2.000000 0.800000
res_192/grating_153.mat 225.000000 0.025000 4.000000 0.800000
res_192/grating_154.mat 225.000000 0.025000 8.000000 0.800000
res_192/grating_155.mat 225.000000 0.025000 15.000000 0.800000
res_192/grating_156.mat 225.000000 0.050000 1.000000 0.800000
res_192/grating_157.mat 225.000000 0.050000 2.000000 0.800000
res_192/grating_158.mat 225.000000 0.050000 4.000000 0.800000
res_192/grating_159.mat 225.000000 0.050000 8.000000 0.800000
res_192/grating_160.mat 225.000000 0.050000 15.000000 0.800000
res_192/grating_161.mat 225.000000 0.100000 1.000000 0.800000
res_192/grating_162.mat 225.000000 0.100000 2.000000 0.800000
res_192/grating_163.mat 225.000000 0.100000 4.000000 0.800000
res_192/grating_164.mat 225.000000 0.100000 8.000000 0.800000
res_192/grating_165.mat 225.000000 0.100000 15.000000 0.800000
res_192/grating_166.mat 225.000000 0.200000 1.000000 0.800000
res_192/grating_167.mat 225.000000 0.200000 2.000000 0.800000
res_192/grating_168.mat 225.000000 0.200000 4.000000 0.800000
res_192/grating_169.mat 225.000000 0.200000 8.000000 0.800000
res_192/grating_170.mat 225.000000 0.200000 15.000000 0.800000
res_192/grating_171.mat 225.000000 0.400000 1.000000 0.800000
res_192/grating_172.mat 225.000000 0.400000 2.000000 0.800000
res_192/grating_173.mat 225.000000 0.400000 4.000000 0.800000
res_192/grating_174.mat 225.000000 0.400000 8.000000 0.800000
res_192/grating_175.mat 225.000000 0.400000 15.000000 0.800000
res_192/grating_176.mat 225.000000 0.800000 1.000000 0.800000
res_192/grating_177.mat 225.000000 0.800000 2.000000 0.800000
res_192/grating_178.mat 225.000000 0.800000 4.000000 0.800000
res_192/grating_179.mat 225.000000 0.800000 8.000000 0.800000
res_192/grating_180.mat 225.000000 0.800000 15.000000 0.800000
res_192/grating_181.mat 270.000000 0.025000 1.000000 0.800000
res_192/grating_182.mat 270.000000 0.025000 2.000000 0.800000
res_192/grating_183.mat 270.000000 0.025000 4.000000 0.800000
res_192/grating_184.mat 270.000000 0.025000 8.000000 0.800000
res_192/grating_185.mat 270.000000 0.025000 15.000000 0.800000
res_192/grating_186.mat 270.000000 0.050000 1.000000 0.800000
res_192/grating_187.mat 270.000000 0.050000 2.000000 0.800000
res_192/grating_188.mat 270.000000 0.050000 4.000000 0.800000
res_192/grating_189.mat 270.000000 0.050000 8.000000 0.800000
res_192/grating_190.mat 270.000000 0.050000 15.000000 0.800000
res_192/grating_191.mat 270.000000 0.100000 1.000000 0.800000
res_192/grating_192.mat 270.000000 0.100000 2.000000 0.800000
res_192/grating_193.mat 270.000000 0.100000 4.000000 0.800000
res_192/grating_194.mat 270.000000 0.100000 8.000000 0.800000
res_192/grating_195.mat 270.000000 0.100000 15.000000 0.800000
res_192/grating_196.mat 270.000000 0.200000 1.000000 0.800000
res_192/grating_197.mat 270.000000 0.200000 2.000000 0.800000
res_192/grating_198.mat 270.000000 0.200000 4.000000 0.800000
res_192/grating_199.mat 270.000000 0.200000 8.000000 0.800000
res_192/grating_200.mat 270.000000 0.200000 15.000000 0.800000
res_192/grating_201.mat 270.000000 0.400000 1.000000 0.800000
res_192/grating_202.mat 270.000000 0.400000 2.000000 0.800000
res_192/grating_203.mat 270.000000 0.400000 4.000000 0.800000
res_192/grating_204.mat 270.000000 0.400000 8.000000 0.800000
res_192/grating_205.mat 270.000000 0.400000 15.000000 0.800000
res_192/grating_206.mat 270.000000 0.800000 1.000000 0.800000
res_192/grating_207.mat 270.000000 0.800000 2.000000 0.800000
res_192/grating_208.mat 270.000000 0.800000 4.000000 0.800000
res_192/grating_209.mat 270.000000 0.800000 8.000000 0.800000
res_192/grating_210.mat 270.000000 0.800000 15.000000 0.800000
res_192/grating_211.mat 315.000000 0.025000 1.000000 0.800000
res_192/grating_212.mat 315.000000 0.025000 2.000000 0.800000
res_192/grating_213.mat 315.000000 0.025000 4.000000 0.800000
res_192/grating_214.mat 315.000000 0.025000 8.000000 0.800000
res_192/grating_215.mat 315.000000 0.025000 15.000000 0.800000
res_192/grating_216.mat 315.000000 0.050000 1.000000 0.800000
res_192/grating_217.mat 315.000000 0.050000 2.000000 0.800000
res_192/grating_218.mat 315.000000 0.050000 4.000000 0.800000
res_192/grating_219.mat 315.000000 0.050000 8.000000 0.800000
res_192/grating_220.mat 315.000000 0.050000 15.000000 0.800000
res_192/grating_221.mat 315.000000 0.100000 1.000000 0.800000
res_192/grating_222.mat 315.000000 0.100000 2.000000 0.800000
res_192/grating_223.mat 315.000000 0.100000 4.000000 0.800000
res_192/grating_224.mat 315.000000 0.100000 8.000000 0.800000
res_192/grating_225.mat 315.000000 0.100000 15.000000 0.800000
res_192/grating_226.mat 315.000000 0.200000 1.000000 0.800000
res_192/grating_227.mat 315.000000 0.200000 2.000000 0.800000
res_192/grating_228.mat 315.000000 0.200000 4.000000 0.800000
res_192/grating_229.mat 315.000000 0.200000 8.000000 0.800000
res_192/grating_230.mat 315.000000 0.200000 15.000000 0.800000
res_192/grating_231.mat 315.000000 0.400000 1.000000 0.800000
res_192/grating_232.mat 315.000000 0.400000 2.000000 0.800000
res_192/grating_233.mat 315.000000 0.400000 4.000000 0.800000
res_192/grating_234.mat 315.000000 0.400000 8.000000 0.800000
res_192/grating_235.mat 315.000000 0.400000 15.000000 0.800000
res_192/grating_236.mat 315.000000 0.800000 1.000000 0.800000
res_192/grating_237.mat 315.000000 0.800000 2.000000 0.800000
res_192/grating_238.mat 315.000000 0.800000 4.000000 0.800000
res_192/grating_239.mat 315.000000 0.800000 8.000000 0.800000
res_192/grating_240.mat 315.000000 0.800000 15.000000 0.800000
res_192/grating_241.mat 360.000000 0.025000 1.000000 0.800000
res_192/grating_242.mat 360.000000 0.025000 2.000000 0.800000
res_192/grating_243.mat 360.000000 0.025000 4.000000 0.800000
res_192/grating_244.mat 360.000000 0.025000 8.000000 0.800000
res_192/grating_245.mat 360.000000 0.025000 15.000000 0.800000
res_192/grating_246.mat 360.000000 0.050000 1.000000 0.800000
res_192/grating_247.mat 360.000000 0.050000 2.000000 0.800000
res_192/grating_248.mat 360.000000 0.050000 4.000000 0.800000
res_192/grating_249.mat 360.000000 0.050000 8.000000 0.800000
res_192/grating_250.mat 360.000000 0.050000 15.000000 0.800000
res_192/grating_251.mat 360.000000 0.100000 1.000000 0.800000
res_192/grating_252.mat 360.000000 0.100000 2.000000 0.800000
res_192/grating_253.mat 360.000000 0.100000 4.000000 0.800000
res_192/grating_254.mat 360.000000 0.100000 8.000000 0.800000
res_192/grating_255.mat 360.000000 0.100000 15.000000 0.800000
res_192/grating_256.mat 360.000000 0.200000 1.000000 0.800000
res_192/grating_257.mat 360.000000 0.200000 2.000000 0.800000
res_192/grating_258.mat 360.000000 0.200000 4.000000 0.800000
res_192/grating_259.mat 360.000000 0.200000 8.000000 0.800000
res_192/grating_260.mat 360.000000 0.200000 15.000000 0.800000
res_192/grating_261.mat 360.000000 0.400000 1.000000 0.800000
res_192/grating_262.mat 360.000000 0.400000 2.000000 0.800000
res_192/grating_263.mat 360.000000 0.400000 4.000000 0.800000
res_192/grating_264.mat 360.000000 0.400000 8.000000 0.800000
res_192/grating_265.mat 360.000000 0.400000 15.000000 0.800000
res_192/grating_266.mat 360.000000 0.800000 1.000000 0.800000
res_192/grating_267.mat 360.000000 0.800000 2.000000 0.800000
res_192/grating_268.mat 360.000000 0.800000 4.000000 0.800000
res_192/grating_269.mat 360.000000 0.800000 8.000000 0.800000
res_192/grating_270.mat 360.000000 0.800000 15.000000 0.800000
